22  2  0  14  14
29  7  0  7  7
49  12  0  18  18
64  8  1  39  40
69  4  0  57  57
70  1  0  64  64
76  5  0  59  59
85  11  2  52  54
86  19  0  44  44
87  10  0  58  58
96  9  3  68  71
105  13  0  73  73
110  16  4  66  70
113  22  0  60  60
113  45  0  9  9
113  21  0  63  63
113  27  0  53  53
114  38  0  23  23
114  26  0  54  54
114  23  0  57  57
114  25  2  53  55
114  29  5  39  44
115  24  45  11  56
116  20  0  69  69
117  15  0  77  77
118  33  0  43  43
118  37  0  29  29
150  31  0  79  79
150  42  2  49  51
151  6  0  131  131
151  35  1  67  68
152  34  0  73  73
152  28  0  87  87
153  18  0  111  111
153  41  53  1  54
154  44  1  52  53
154  48  3  42  45
154  17  9  103  112
155  40  0  58  58
155  32  0  82  82
155  36  0  68  68
155  50  1  39  40
155  47  2  45  47
156  46  0  49  49
156  51  0  36  36
156  56  0  21  21
156  14  0  120  120
156  3  1  146  147
156  49  4  40  44
157  30  0  86  86
157  52  0  34  34
157  39  0  61  61
158  59  0  10  10
158  53  0  34  34
170  43  0  71  71
170  61  0  12  12
176  62  0  17  17
193  65  0  24  24
193  66  0  22  22
212  76  0  12  12
222  83  0  6  6
253  75  1  56  57
254  70  0  71  71
254  67  0  79  79
256  74  0  60  60
258  85  1  39  40
259  89  0  29  29
260  92  0  22  22
260  84  0  44  44
260  88  1  29  30
265  78  0  61  61
267  81  6  51  57
270  82  0  56  56
270  73  42  37  79
272  97  0  27  27
272  99  0  22  22
272  79  0  66  66
273  87  4  44  48
274  80  0  68  68
275  86  0  54  54
277  60  0  124  124
277  77  0  76  76
282  58  4  135  139
283  57  3  142  145
284  71  0  97  97
285  69  2  104  106
287  72  3  93  96
288  63  0  124  124
289  68  0  112  112
291  91  0  55  55
291  94  0  50  50
292  90  0  57  57
292  64  1  123  124
293  55  0  163  163
293  96  0  48  48
293  98  30  15  45
294  54  0  167  167
294  100  3  39  42
294  93  4  51  55
295  95  2  50  52
100.21   54.6196   213.823   119.998   
2   2   2   2   
WIN!
Total Number of Enemies: 100
Average Fight Delay: 2.46
Average Kill Delay: 58.87
