14  1  0  10  10
38  5  0  20  20
38  8  0  12  12
49  11  0  13  13
60  13  0  19  19
60  20  0  10  10
61  22  0  6  6
71  30  0  7  7
82  27  0  20  20
82  28  3  17  20
89  6  0  69  69
90  2  0  82  82
91  7  0  67  67
91  12  1  54  55
93  9  0  62  62
94  19  0  46  46
94  16  13  38  51
95  14  0  54  54
95  17  4  48  52
96  26  0  37  37
96  21  0  41  41
97  4  0  82  82
97  24  22  17  39
98  18  2  48  50
99  10  0  63  63
100  29  0  36  36
100  15  4  53  57
101  3  0  91  91
101  25  0  43  43
101  23  0  45  45
0.613896   16.2143   41.5452   0.862415   
30   2   2   30   
WIN!
Total Number of Enemies: 30
Average Fight Delay: 1.63333
Average Kill Delay: 40.3333
