13  1  0  12  12
27  5  0  19  19
28  2  0  23  23
53  21  0  9  9
53  18  0  16  16
86  28  0  23  23
97  16  22  42  64
98  4  0  90  90
99  10  0  79  79
101  20  0  57  57
103  7  0  90  90
103  9  0  87  87
104  24  2  50  52
105  8  5  86  91
106  11  1  82  83
106  23  1  58  59
107  26  0  48  48
108  32  0  40  40
108  36  0  31  31
108  14  0  79  79
112  43  0  12  12
127  47  0  13  13
132  29  0  67  67
134  31  0  67  67
134  33  4  61  65
134  37  5  50  55
135  30  2  66  68
136  22  0  90  90
138  19  0  98  98
140  17  16  87  103
142  25  0  86  86
142  49  0  23  23
142  48  0  28  28
142  13  1  112  113
143  40  0  52  52
143  41  2  45  47
152  27  0  93  93
152  12  0  127  127
152  35  2  73  75
153  15  0  124  124
155  38  0  71  71
156  44  0  51  51
156  6  1  143  144
157  3  0  151  151
159  50  0  39  39
159  39  0  70  70
159  45  0  49  49
160  34  0  88  88
160  42  0  63  63
160  46  1  46  47
69.2247   77.0754   193.561   1.35287   
2   2   2   30   
WIN!
Total Number of Enemies: 50
Average Fight Delay: 1.3
Average Kill Delay: 63.32
