34  8  0  11  11
55  19  0  6  6
57  11  0  26  26
58  16  0  15  15
58  15  0  16  16
58  13  2  21  23
79  6  3  58  61
91  10  0  65  65
91  12  3  57  60
92  9  0  68  68
93  7  0  71  71
102  30  5  20  25
102  4  6  82  88
103  27  0  28  28
103  38  0  12  12
104  14  1  65  66
111  2  0  100  100
112  3  0  100  100
113  21  0  56  56
114  22  19  35  54
116  45  0  9  9
118  37  0  32  32
118  1  0  112  112
119  5  0  105  105
133  18  0  86  86
133  28  5  51  56
134  31  0  56  56
134  20  3  79  82
135  26  0  65  65
137  29  0  60  60
137  34  4  47  51
138  25  4  68  72
140  17  0  97  97
140  49  0  17  17
140  33  1  58  59
141  41  0  40  40
141  47  0  26  26
147  44  0  43  43
147  32  3  65  68
148  50  0  21  21
148  39  0  54  54
148  48  0  29  29
149  23  5  84  89
169  58  0  17  17
170  57  0  19  19
181  55  0  36  36
184  56  1  35  36
185  52  0  54  54
186  59  2  28  30
199  70  0  13  13
199  63  0  30  30
199  66  0  24  24
212  77  0  11  11
220  82  0  8  8
231  84  0  11  11
244  89  0  10  10
249  68  0  70  70
250  94  0  9  9
250  75  3  51  54
259  98  0  9  9
261  97  0  11  11
261  61  6  94  100
264  42  0  162  162
264  24  0  199  199
265  79  0  57  57
265  36  6  173  179
266  46  3  151  154
266  40  3  164  167
267  51  0  140  140
268  43  0  165  165
269  74  2  72  74
270  71  0  83  83
270  76  33  37  70
271  80  1  62  63
272  35  0  186  186
272  78  0  66  66
272  81  1  61  62
272  65  2  99  101
273  88  0  42  42
273  73  0  80  80
273  69  1  89  90
274  54  0  134  134
274  99  0  24  24
274  86  0  51  51
274  62  3  107  110
275  92  0  36  36
275  53  0  139  139
275  72  0  83  83
276  100  0  24  24
276  60  0  119  119
276  67  0  98  98
276  85  2  51  53
277  83  0  60  60
277  90  0  43  43
277  93  2  35  37
277  87  3  48  51
278  64  0  108  108
278  91  3  39  42
278  96  3  29  32
279  95  0  34  34
2.59874   262.19   253.411   40.4263   
8   2   2   2   
WIN!
Total Number of Enemies: 100
Average Fight Delay: 1.44
Average Kill Delay: 61.06
