7  1  0  6  6
10  2  0  4  4
16  3  0  8  8
29  4  0  17  17
29  5  0  13  13
38  13  0  6  6
47  9  0  20  20
47  10  2  18  20
54  6  0  33  33
55  8  0  31  31
56  14  0  23  23
56  16  0  14  14
56  15  0  19  19
63  26  0  5  5
65  27  0  5  5
76  30  1  4  5
77  29  0  11  11
82  17  0  39  39
82  20  0  35  35
82  12  1  51  52
82  25  1  24  25
82  19  4  32  36
83  11  0  55  55
83  7  0  59  59
83  22  0  30  30
83  18  1  37  38
83  24  3  23  26
84  21  0  33  33
84  23  3  24  27
84  28  5  17  22
12.8738   16.0803   2.32004   0.962057   
23   25   27   30   
WIN!
Total Number of Enemies: 30
Average Fight Delay: 0.7
Average Kill Delay: 23.2
