4  1  0  3  3
9  2  0  6  6
12  3  0  6  6
14  4  0  3  3
20  5  0  6  6
37  6  0  19  19
37  9  0  12  12
66  25  0  5  5
67  26  0  6  6
71  28  0  6  6
71  18  0  27  27
72  11  0  42  42
72  13  0  37  37
73  16  0  30  30
92  12  1  61  62
93  8  3  67  70
94  14  0  54  54
95  15  0  54  54
95  37  0  5  5
102  20  0  52  52
103  7  0  81  81
103  24  0  44  44
104  19  0  56  56
104  27  0  41  41
105  39  0  10  10
105  10  2  78  80
105  17  3  59  62
106  22  4  48  52
107  40  0  11  11
107  23  0  51  51
107  34  0  32  32
108  29  0  42  42
108  33  0  35  35
123  48  0  10  10
128  32  2  54  56
129  35  0  49  49
130  30  0  61  61
131  36  0  46  46
133  41  0  36  36
134  43  0  30  30
134  38  0  43  43
134  42  1  31  32
135  45  0  24  24
139  47  2  25  27
140  50  0  21  21
140  46  0  29  29
140  49  1  22  23
141  44  0  35  35
141  21  4  86  90
141  31  4  66  70
8.06247   10.8969   51   0.789606   
2   2   2   30   
WIN!
Total Number of Enemies: 50
Average Fight Delay: 0.54
Average Kill Delay: 35.14
