61  2  5  50  55
61  3  6  45  51
62  1  0  57  57
106  10  0  85  85
107  22  0  55  55
108  21  4  52  56
108  14  4  72  76
109  8  0  93  93
109  20  4  58  62
110  17  0  69  69
110  13  2  77  79
110  26  26  22  48
116  25  3  54  57
117  15  0  82  82
117  9  4  93  97
117  18  5  70  75
118  4  0  106  106
118  12  3  87  90
119  30  0  46  46
119  16  0  79  79
119  6  1  102  103
119  5  4  103  107
120  7  0  104  104
120  11  0  96  96
120  19  4  69  73
121  29  0  53  53
121  24  3  64  67
121  28  23  33  56
122  23  0  70  70
122  27  32  26  58
16.9465   34.1526   50.9319   19.8911   
2   2   2   2   
WIN!
Total Number of Enemies: 30
Average Fight Delay: 4.43333
Average Kill Delay: 69.0667
